85722278
111902827
111902509
111902827
111902509
111902827
111902509
85722278
113208138
111902886
113097581
113208138
111902886
113097581
113208138
111902886
113097581
113208138
111902886
113097581
111944309
111943965
111944406
110022890
110022920
111944309
111943965
111944406
110022890
110022920
111944309
111943965
111944406
110022890
110022920
100353320 
44266162
97923702
111894565
112372813
111575486
112986668
111482305
111902886
111894565
112372813
111575486
112986668
111482305
111902886
111482305
111575486
111894565
111902886
112372813
112813062
112986668
113351720
113886209
111482305
111575486
111894565
111902886
112372813
112813062
112986668
113351720
113886209
111482305
111575486
111894565
111902886
112372813
112813062
112986668
113351720
113886209
111482305
111575486
111894565
111902886
112372813
112813062
112986668
113351720
113886209
111482305
111575486
111894565
111902886
112372813
112813062
112986668
113351720
113886209
111482305
111575486
111894565
111902886
112372813
112813062
112986668
113351720
113886209
111482305
111575486
111894565
111902886
112372813
112813062
112986668
113351720
113886209
111482305
111575486
111894565
111902886
112372813
112813062
112986668
113351720
113886209
